66690at50557	0	43	214
8721at50557	0	187	833
59481at50557	0	42	224
104592at50557	0	22	196
55950at50557	0	86	443
65033at50557	0	42	313
11224at50557	0	155	573
66850at50557	0	53	310
97186at50557	0	40	221
33009at50557	0	57	307
115338at50557	0	16	159
32850at50557	0	124	606
42648at50557	0	41	344
99280at50557	0	35	233
25718at50557	0	140	765
33399at50557	0	96	401
30308at50557	0	78	342
45419at50557	0	97	445
143253at50557	0	11	106
117925at50557	0	25	165
29671at50557	0	119	712
91911at50557	0	23	202
115348at50557	0	15	107
127694at50557	0	19	190
39429at50557	0	31	172
68325at50557	0	54	276
152736at50557	0	8	75
18619at50557	0	140	538
34007at50557	0	68	303
143282at50557	0	22	156
94377at50557	0	42	250
125726at50557	0	17	165
75144at50557	0	36	296
144080at50557	0	11	87
31793at50557	0	21	146
120658at50557	0	17	133
102531at50557	0	12	86
124433at50557	0	13	132
12735at50557	0	36	319
35526at50557	0	47	325
66571at50557	0	56	327
53250at50557	0	73	356
111816at50557	0	21	167
53875at50557	0	37	205
67606at50557	0	62	363
132615at50557	0	19	116
37233at50557	0	43	430
47100at50557	0	38	380
62733at50557	0	43	256
18561at50557	0	113	645
78234at50557	0	33	248
101501at50557	0	84	348
49780at50557	0	44	437
36323at50557	0	81	392
16323at50557	0	115	419
134828at50557	0	12	123
135420at50557	0	72	337
75832at50557	0	34	244
150919at50557	0	5	48
102079at50557	0	18	175
44720at50557	0	58	398
60470at50557	0	81	478
115908at50557	0	21	161
41272at50557	0	36	273
2648at50557	0	336	1212
113042at50557	0	36	212
31358at50557	0	144	564
56276at50557	0	59	327
65366at50557	0	42	297
54419at50557	0	62	345
74197at50557	0	61	311
99751at50557	0	39	214
150643at50557	0	9	68
117917at50557	0	24	121
102539at50557	0	31	165
87144at50557	0	29	235
119607at50557	0	22	124
91616at50557	0	34	214
17115at50557	0	107	389
15532at50557	0	161	666
116436at50557	0	78	323
97426at50557	0	44	188
4831at50557	0	179	804
2418at50557	0	297	1070
26394at50557	0	73	334
110742at50557	0	25	123
116554at50557	0	62	257
128474at50557	0	15	154
95758at50557	0	21	201
128755at50557	0	12	117
153322at50557	0	10	96
68813at50557	0	27	268
76896at50557	0	34	223
129862at50557	0	19	194
102968at50557	0	41	254
96194at50557	0	29	160
100045at50557	0	32	235
119905at50557	0	23	170
30050at50557	0	135	549
57786at50557	0	74	269
145007at50557	0	12	118
101448at50557	0	40	212
71987at50557	0	64	256
30720at50557	0	108	550
24096at50557	0	133	578
50572at50557	0	50	314
120047at50557	0	14	135
97692at50557	0	30	201
105249at50557	0	21	209
93865at50557	0	22	220
52636at50557	0	49	342
147726at50557	0	8	78
55830at50557	0	30	304
25937at50557	0	90	492
53123at50557	0	31	213
106896at50557	0	7	59
89433at50557	0	104	529
1997at50557	0	392	1571
33894at50557	0	68	324
135872at50557	0	17	172
83145at50557	0	23	232
66447at50557	0	35	285
50493at50557	0	55	315
137376at50557	0	11	105
46514at50557	0	85	400
120854at50557	0	14	142
64266at50557	0	58	273
966at50557	0	474	1625
89079at50557	0	38	222
122330at50557	0	28	138
126384at50557	0	35	173
132044at50557	0	26	103
34505at50557	0	69	430
83860at50557	0	46	306
135200at50557	0	40	175
88202at50557	0	37	232
126811at50557	0	39	229
48837at50557	0	50	283
56943at50557	0	69	340
84610at50557	0	32	235
78158at50557	0	49	284
80239at50557	0	40	212
99756at50557	0	35	209
43010at50557	0	94	456
134150at50557	0	28	184
11161at50557	0	201	768
135688at50557	0	15	135
119324at50557	0	14	138
63888at50557	0	40	276
117656at50557	0	20	141
103040at50557	0	31	190
130740at50557	0	14	97
32185at50557	0	35	116
28600at50557	0	84	473
2744at50557	0	470	1565
20283at50557	0	202	674
70721at50557	0	59	255
149673at50557	0	10	99
18461at50557	0	143	532
5495at50557	0	238	1029
20375at50557	0	71	394
52845at50557	0	67	325
21101at50557	0	165	750
52703at50557	0	57	333
138742at50557	0	12	118
119132at50557	0	44	243
42324at50557	0	22	120
121418at50557	0	39	243
27630at50557	0	118	509
104302at50557	0	22	217
67700at50557	0	29	192
34630at50557	0	62	337
57602at50557	0	14	64
53938at50557	0	86	436
65980at50557	0	65	353
20035at50557	0	116	745
146597at50557	0	26	181
128416at50557	0	9	77
75191at50557	0	29	226
123110at50557	0	41	172
50478at50557	0	42	326
63135at50557	0	63	312
96662at50557	0	64	244
26217at50557	0	96	455
151709at50557	0	11	106
102414at50557	0	38	201
132051at50557	0	22	172
88774at50557	0	30	179
136314at50557	0	11	98
69159at50557	0	42	301
43553at50557	0	48	322
127488at50557	0	18	125
147828at50557	0	22	216
55062at50557	0	56	314
142870at50557	0	11	105
158026at50557	0	10	58
133033at50557	0	8	75
80522at50557	0	28	283
118259at50557	0	18	176
108060at50557	0	33	252
87828at50557	0	43	224
41766at50557	0	83	411
48331at50557	0	59	358
53033at50557	0	72	288
133669at50557	0	27	143
123174at50557	0	39	203
132612at50557	0	11	111
132800at50557	0	21	135
117816at50557	0	30	210
112608at50557	0	18	177
120473at50557	0	8	83
123184at50557	0	37	217
10268at50557	0	131	730
129498at50557	0	19	144
98621at50557	0	17	125
46918at50557	0	39	261
137436at50557	0	15	111
126448at50557	0	11	113
145210at50557	0	12	118
56896at50557	0	125	549
101417at50557	0	26	182
105221at50557	0	18	141
142782at50557	0	12	116
130558at50557	0	16	95
83312at50557	0	45	261
130814at50557	0	11	81
116516at50557	0	13	97
135926at50557	0	8	70
132625at50557	0	16	119
10664at50557	0	168	865
38815at50557	0	76	459
73387at50557	0	42	277
98392at50557	0	37	259
15589at50557	0	141	629
137467at50557	0	17	114
119796at50557	0	21	214
22348at50557	0	94	540
29608at50557	0	93	519
98987at50557	0	39	168
42720at50557	0	118	483
155937at50557	0	12	62
125260at50557	0	27	269
137728at50557	0	9	94
103007at50557	0	19	188
74718at50557	0	32	182
38626at50557	0	50	316
55303at50557	0	37	347
145192at50557	0	20	120
1593at50557	0	155	806
60890at50557	0	67	390
135470at50557	0	15	104
139026at50557	0	12	101
89057at50557	0	49	258
108302at50557	0	32	186
104265at50557	0	27	166
98981at50557	0	41	254
124486at50557	0	14	134
138795at50557	0	12	88
92555at50557	0	24	116
48864at50557	0	80	315
66354at50557	0	61	289
6239at50557	0	289	1083
52925at50557	0	63	324
69855at50557	0	58	395
102774at50557	0	7	52
35930at50557	0	64	412
98071at50557	0	30	220
57181at50557	0	101	520
74381at50557	0	53	302
118819at50557	0	15	149
2101at50557	0	379	1264
71739at50557	0	46	244
37042at50557	0	84	368
28555at50557	0	78	443
84147at50557	0	34	306
59039at50557	0	130	434
28428at50557	0	50	370
102560at50557	0	20	196
38523at50557	0	29	153
112074at50557	0	52	245
59985at50557	0	97	358
109167at50557	0	42	275
139741at50557	0	8	76
75671at50557	0	59	292
67725at50557	0	57	292
43881at50557	0	61	434
45940at50557	0	84	445
135254at50557	0	15	103
119123at50557	0	23	196
98739at50557	0	15	146
26432at50557	0	20	161
149447at50557	0	9	88
27737at50557	0	92	464
8842at50557	0	233	818
7053at50557	0	182	636
63395at50557	0	20	202
25673at50557	0	80	448
23929at50557	0	57	312
109142at50557	0	41	236
52049at50557	0	65	299
72759at50557	0	98	328
58363at50557	0	51	292
99263at50557	0	24	173
138217at50557	0	10	89
118677at50557	0	24	134
72085at50557	0	79	360
134345at50557	0	18	144
66427at50557	0	44	277
56026at50557	0	50	360
6417at50557	0	88	473
34658at50557	0	103	416
22661at50557	0	119	450
11510at50557	0	275	915
2187at50557	0	521	1818
24606at50557	0	94	468
84083at50557	0	49	258
94500at50557	0	21	186
153723at50557	0	7	68
58098at50557	0	73	336
136330at50557	0	35	161
80760at50557	0	35	234
86043at50557	0	52	275
37606at50557	0	36	355
90686at50557	0	65	301
123703at50557	0	36	204
102517at50557	0	20	202
33426at50557	0	58	499
127087at50557	0	26	111
54056at50557	0	78	316
2339at50557	0	286	1323
91696at50557	0	18	183
25981at50557	0	126	549
19158at50557	0	111	509
24138at50557	0	118	572
87565at50557	0	62	289
20817at50557	0	87	456
114297at50557	0	14	137
113130at50557	0	17	80
140221at50557	0	10	97
141493at50557	0	13	98
112821at50557	0	18	176
7835at50557	0	140	653
27499at50557	0	88	442
18458at50557	0	127	494
110393at50557	0	12	112
97125at50557	0	28	150
19262at50557	0	146	770
983at50557	0	511	1703
111744at50557	0	46	285
76481at50557	0	55	215
56796at50557	0	63	280
110270at50557	0	27	169
139167at50557	0	17	173
100475at50557	0	18	184
26016at50557	0	77	420
94520at50557	0	38	280
73951at50557	0	45	314
106197at50557	0	18	181
124426at50557	0	12	119
137014at50557	0	14	113
81782at50557	0	27	227
147640at50557	0	9	88
86747at50557	0	28	231
115613at50557	0	42	210
4709at50557	0	251	914
68957at50557	0	36	288
78051at50557	0	32	210
61176at50557	0	59	336
145096at50557	0	9	83
20299at50557	0	138	459
91571at50557	0	41	201
88846at50557	0	46	242
13112at50557	0	31	306
58729at50557	0	62	355
28907at50557	0	82	463
52688at50557	0	60	336
69957at50557	0	44	333
132354at50557	0	13	126
61705at50557	0	54	333
134311at50557	0	23	127
132159at50557	0	13	120
43942at50557	0	68	322
23817at50557	0	98	481
115559at50557	0	15	142
80758at50557	0	38	268
138762at50557	0	11	107
41065at50557	0	104	364
57791at50557	0	71	390
127132at50557	0	33	180
103070at50557	0	21	170
144343at50557	0	12	78
125000at50557	0	22	142
48378at50557	0	75	345
20640at50557	0	204	700
68441at50557	0	36	235
21911at50557	0	82	422
70279at50557	0	32	202
29319at50557	0	111	482
51542at50557	0	65	298
22030at50557	0	71	360
37156at50557	0	50	461
122191at50557	0	21	154
27943at50557	0	142	521
70122at50557	0	70	248
93746at50557	0	25	168
58946at50557	0	56	248
98712at50557	0	16	122
140706at50557	0	8	78
66736at50557	0	31	180
99930at50557	0	31	196
78812at50557	0	21	211
78182at50557	0	45	266
139459at50557	0	12	116
70072at50557	0	52	351
73602at50557	0	37	221
8547at50557	0	143	584
57388at50557	0	66	359
63006at50557	0	35	348
37657at50557	0	56	372
118028at50557	0	16	149
2741at50557	0	205	931
17813at50557	0	154	704
118166at50557	0	27	264
120011at50557	0	69	322
3565at50557	0	265	883
75758at50557	0	31	303
78175at50557	0	36	234
120896at50557	0	26	213
128715at50557	0	28	179
131285at50557	0	16	158
66718at50557	0	21	197
69548at50557	0	50	327
96211at50557	0	20	195
57980at50557	0	70	314
20515at50557	0	125	658
107099at50557	0	34	210
93160at50557	0	20	187
95142at50557	0	45	204
71152at50557	0	26	175
111078at50557	0	19	154
33297at50557	0	106	567
110221at50557	0	44	295
16683at50557	0	110	631
98900at50557	0	42	204
22836at50557	0	128	521
84251at50557	0	42	276
136971at50557	0	9	94
31141at50557	0	41	234
45990at50557	0	78	354
70675at50557	0	90	421
44088at50557	0	78	435
126567at50557	0	24	155
60961at50557	0	49	330
87750at50557	0	99	370
48126at50557	0	29	234
82016at50557	0	58	289
26388at50557	0	135	519
62106at50557	0	73	323
41512at50557	0	145	617
114751at50557	0	22	148
112672at50557	0	26	181
109266at50557	0	25	167
60092at50557	0	49	351
115818at50557	0	22	189
129956at50557	0	10	104
98383at50557	0	26	178
83301at50557	0	24	244
7704at50557	0	242	820
72511at50557	0	125	504
117820at50557	0	46	247
68476at50557	0	25	253
104016at50557	0	41	214
45452at50557	0	68	372
90885at50557	0	41	241
8717at50557	0	206	990
32311at50557	0	122	535
55628at50557	0	81	304
13612at50557	0	101	551
90208at50557	0	53	286
144087at50557	0	10	103
105732at50557	0	29	196
45272at50557	0	92	394
69497at50557	0	33	208
128484at50557	0	18	127
115068at50557	0	17	142
134670at50557	0	29	163
110125at50557	0	13	121
108394at50557	0	105	467
129410at50557	0	10	99
108301at50557	0	29	215
90265at50557	0	25	184
15852at50557	0	145	759
153191at50557	0	6	56
117365at50557	0	15	153
45491at50557	0	98	459
46968at50557	0	80	438
92128at50557	0	64	312
90640at50557	0	28	210
101706at50557	0	37	214
21580at50557	0	114	588
90505at50557	0	53	340
28503at50557	0	232	772
69869at50557	0	54	181
22096at50557	0	173	728
88391at50557	0	74	258
47330at50557	0	97	528
81919at50557	0	37	241
119037at50557	0	11	114
79339at50557	0	74	330
54067at50557	0	81	381
37850at50557	0	98	589
104526at50557	0	42	230
115879at50557	0	34	215
25520at50557	0	114	502
51851at50557	0	40	400
45670at50557	0	95	475
60993at50557	0	86	420
29312at50557	0	101	570
116675at50557	0	25	159
89383at50557	0	26	185
130932at50557	0	36	177
58640at50557	0	57	293
33043at50557	0	93	519
124342at50557	0	14	140
68599at50557	0	35	160
12466at50557	0	230	804
17638at50557	0	148	734
123043at50557	0	14	127
88227at50557	0	28	236
105894at50557	0	26	231
37107at50557	0	213	711
90369at50557	0	58	332
767at50557	0	555	1850
38364at50557	0	77	419
150510at50557	0	12	81
138527at50557	0	9	93
64014at50557	0	30	180
19244at50557	0	71	498
139092at50557	0	12	118
96474at50557	0	41	199
138934at50557	0	9	89
108799at50557	0	28	167
77563at50557	0	42	238
44226at50557	0	51	456
20198at50557	0	88	380
85889at50557	0	32	223
85561at50557	0	22	222
99762at50557	0	40	239
56099at50557	0	68	371
43141at50557	0	65	285
99019at50557	0	17	169
18644at50557	0	84	520
139301at50557	0	14	136
116739at50557	0	28	213
104460at50557	0	14	137
98381at50557	0	38	163
146376at50557	0	13	87
133023at50557	0	16	163
43564at50557	0	30	299
43304at50557	0	51	347
81697at50557	0	39	217
112400at50557	0	39	245
94759at50557	0	26	170
114823at50557	0	26	168
23294at50557	0	101	433
30211at50557	0	84	471
120478at50557	0	13	134
89033at50557	0	37	241
95496at50557	0	39	232
128977at50557	0	24	145
112481at50557	0	18	183
80377at50557	0	44	266
57752at50557	0	45	351
101283at50557	0	37	232
58189at50557	0	26	169
133163at50557	0	33	154
30301at50557	0	104	517
31685at50557	0	116	559
2110at50557	0	353	1185
47269at50557	0	43	332
100764at50557	0	47	218
16156at50557	0	92	543
55309at50557	0	39	229
77723at50557	0	43	253
85876at50557	0	29	270
29422at50557	0	85	397
123130at50557	0	21	163
96874at50557	0	54	253
89317at50557	0	33	181
138293at50557	0	29	186
58961at50557	0	50	327
75350at50557	0	47	316
35287at50557	0	76	356
34936at50557	0	87	450
79164at50557	0	35	255
138877at50557	0	32	208
25910at50557	0	82	570
43679at50557	0	105	461
89135at50557	0	30	193
93282at50557	0	51	238
76830at50557	0	62	310
128350at50557	0	21	126
141970at50557	0	13	132
97398at50557	0	30	166
121327at50557	0	21	177
73720at50557	0	64	223
83548at50557	0	40	234
141092at50557	0	18	124
64976at50557	0	121	402
125026at50557	0	30	186
139238at50557	0	9	88
37947at50557	0	78	350
32803at50557	0	77	385
7376at50557	0	323	1078
63655at50557	0	40	301
100957at50557	0	33	179
87421at50557	0	33	216
109390at50557	0	16	162
105919at50557	0	32	180
111928at50557	0	25	211
86488at50557	0	39	224
64167at50557	0	59	357
755at50557	0	594	1979
120527at50557	0	20	142
46955at50557	0	80	329
53388at50557	0	60	324
151618at50557	0	12	117
99059at50557	0	28	189
101869at50557	0	14	112
150518at50557	0	23	147
94143at50557	0	49	343
81510at50557	0	52	283
39871at50557	0	55	261
125214at50557	0	28	170
46658at50557	0	59	353
95489at50557	0	36	228
107413at50557	0	9	87
129755at50557	0	11	114
23788at50557	0	103	393
28783at50557	0	117	591
140747at50557	0	11	95
20997at50557	0	108	425
136492at50557	0	13	125
44288at50557	0	48	384
50585at50557	0	47	301
41605at50557	0	63	336
88991at50557	0	30	222
109586at50557	0	15	125
113213at50557	0	51	305
129072at50557	0	8	78
118659at50557	0	22	135
39938at50557	0	79	396
77225at50557	0	81	321
141030at50557	0	17	101
72785at50557	0	33	271
71619at50557	0	43	216
94582at50557	0	62	293
126036at50557	0	14	137
6568at50557	0	271	903
24884at50557	0	106	465
22862at50557	0	144	626
888at50557	0	476	1588
24998at50557	0	48	416
37280at50557	0	121	543
98332at50557	0	29	169
124154at50557	0	47	228
53261at50557	0	90	405
133719at50557	0	23	210
85463at50557	0	61	231
78674at50557	0	55	291
7307at50557	0	142	729
18575at50557	0	167	782
129103at50557	0	13	131
9432at50557	0	324	1079
7426at50557	0	108	745
92898at50557	0	22	212
92918at50557	0	83	433
133373at50557	0	43	245
65934at50557	0	43	293
15684at50557	0	202	716
91957at50557	0	55	253
83686at50557	0	28	212
30983at50557	0	100	549
125585at50557	0	31	158
37243at50557	0	71	302
12555at50557	0	99	408
135714at50557	0	40	238
30640at50557	0	151	578
42415at50557	0	78	389
15331at50557	0	181	632
67170at50557	0	49	319
111812at50557	0	23	170
40260at50557	0	92	408
107526at50557	0	18	176
19336at50557	0	70	410
52631at50557	0	52	272
123925at50557	0	14	133
13553at50557	0	106	694
78072at50557	0	42	281
100138at50557	0	28	160
111676at50557	0	76	363
59664at50557	0	162	667
124557at50557	0	34	216
26645at50557	0	79	390
90774at50557	0	28	140
122922at50557	0	12	120
43931at50557	0	118	535
16250at50557	0	71	368
129938at50557	0	21	130
42026at50557	0	43	402
111706at50557	0	19	163
42153at50557	0	104	473
42594at50557	0	66	367
131041at50557	0	13	105
108777at50557	0	23	205
118662at50557	0	15	137
120498at50557	0	15	146
12051at50557	0	143	685
61099at50557	0	58	286
115284at50557	0	34	217
129503at50557	0	25	155
65123at50557	0	53	241
42752at50557	0	60	267
43121at50557	0	83	422
70367at50557	0	69	422
86246at50557	0	29	174
5928at50557	0	251	1098
32809at50557	0	96	382
10915at50557	0	239	859
87041at50557	0	51	283
78395at50557	0	29	257
140681at50557	0	24	172
119455at50557	0	87	343
27130at50557	0	129	548
31096at50557	0	80	370
15309at50557	0	93	449
148638at50557	0	10	100
102553at50557	0	27	195
99293at50557	0	65	291
147055at50557	0	13	127
63110at50557	0	43	253
141264at50557	0	9	91
61652at50557	0	72	372
109613at50557	0	54	319
97090at50557	0	31	182
66267at50557	0	43	242
143869at50557	0	21	128
67311at50557	0	134	448
127753at50557	0	35	174
20404at50557	0	88	594
69729at50557	0	85	362
15341at50557	0	24	227
61442at50557	0	55	484
113217at50557	0	19	191
27606at50557	0	73	315
131659at50557	0	12	114
1859at50557	0	319	1131
73852at50557	0	49	270
32681at50557	0	124	507
92311at50557	0	27	222
117348at50557	0	18	176
68878at50557	0	19	144
136147at50557	0	14	117
66691at50557	0	40	279
52579at50557	0	55	381
98887at50557	0	30	168
78446at50557	0	86	313
42556at50557	0	74	378
57613at50557	0	51	314
147680at50557	0	14	125
41499at50557	0	109	548
58479at50557	0	72	324
114148at50557	0	22	158
18170at50557	0	164	844
110423at50557	0	38	204
39392at50557	0	105	452
18605at50557	0	94	539
84057at50557	0	38	199
137510at50557	0	24	140
99773at50557	0	54	291
12503at50557	0	114	584
51335at50557	0	48	228
84764at50557	0	39	267
53583at50557	0	58	335
129612at50557	0	10	80
1451at50557	0	533	1776
17387at50557	0	121	593
106946at50557	0	33	220
143030at50557	0	13	115
95606at50557	0	33	212
131682at50557	0	19	112
8312at50557	0	137	641
19754at50557	0	146	618
104832at50557	0	28	192
137151at50557	0	19	98
11473at50557	0	28	278
122309at50557	0	22	126
114649at50557	0	38	170
55720at50557	0	76	319
14133at50557	0	66	280
39740at50557	0	62	403
18400at50557	0	126	564
31645at50557	0	98	462
139760at50557	0	14	102
17610at50557	0	139	591
26770at50557	0	60	411
57156at50557	0	68	399
116934at50557	0	13	133
127209at50557	0	23	179
132160at50557	0	12	124
9680at50557	0	136	585
75685at50557	0	26	260
113908at50557	0	17	168
16279at50557	0	133	621
112578at50557	0	23	158
20805at50557	0	91	376
46367at50557	0	120	401
102020at50557	0	21	207
12010at50557	0	130	594
121435at50557	0	26	222
62569at50557	0	69	378
19276at50557	0	135	556
13582at50557	0	92	437
133543at50557	0	10	100
109021at50557	0	18	163
96808at50557	0	31	232
108452at50557	0	36	191
108107at50557	0	26	180
126093at50557	0	33	197
128261at50557	0	14	119
73584at50557	0	44	233
95131at50557	0	22	173
43374at50557	0	96	385
82078at50557	0	65	360
119786at50557	0	24	177
130995at50557	0	8	80
50853at50557	0	53	348
74731at50557	0	23	155
126005at50557	0	11	103
118222at50557	0	18	145
108889at50557	0	26	162
59552at50557	0	51	319
60720at50557	0	7	70
129272at50557	0	11	107
140285at50557	0	7	72
54757at50557	0	47	214
75864at50557	0	45	256
68043at50557	0	59	272
97131at50557	0	32	206
22300at50557	0	102	532
58906at50557	0	46	302
80686at50557	0	42	276
35377at50557	0	52	352
68581at50557	0	48	278
74841at50557	0	49	312
132744at50557	0	12	91
81145at50557	0	29	249
131987at50557	0	15	112
132099at50557	0	11	110
95953at50557	0	101	588
84269at50557	0	73	289
110431at50557	0	14	135
112955at50557	0	18	178
87106at50557	0	93	472
110656at50557	0	63	309
89483at50557	0	22	168
59721at50557	0	50	329
110550at50557	0	55	274
72000at50557	0	29	142
120544at50557	0	25	165
57218at50557	0	72	339
89752at50557	0	18	138
37475at50557	0	99	534
142607at50557	0	8	77
42371at50557	0	80	425
75820at50557	0	37	226
76455at50557	0	34	210
32442at50557	0	128	425
89141at50557	0	29	218
100236at50557	0	61	284
106854at50557	0	22	163
57761at50557	0	64	359
142467at50557	0	14	91
146969at50557	0	10	99
59396at50557	0	63	365
105092at50557	0	21	171
118237at50557	0	16	159
96170at50557	0	27	193
116525at50557	0	21	142
81462at50557	0	28	201
106023at50557	0	27	163
117775at50557	0	17	171
108346at50557	0	31	164
64749at50557	0	48	294
36185at50557	0	55	466
109573at50557	0	18	180
128289at50557	0	13	131
81037at50557	0	22	133
41520at50557	0	78	363
49600at50557	0	49	246
126375at50557	0	16	161
74150at50557	0	37	221
13778at50557	0	152	694
77772at50557	0	25	247
66842at50557	0	44	254
144668at50557	0	23	146
51947at50557	0	76	316
10394at50557	0	159	634
7320at50557	0	215	718
67486at50557	0	59	349
129363at50557	0	11	104
57153at50557	0	18	182
74939at50557	0	50	230
42255at50557	0	60	332
127373at50557	0	37	159
14335at50557	0	147	596
132643at50557	0	11	88
30738at50557	0	125	592
75818at50557	0	44	227
134021at50557	0	15	154
120451at50557	0	59	274
117473at50557	0	20	155
51073at50557	0	34	255
35768at50557	0	146	496
120905at50557	0	40	197
127380at50557	0	24	185
127306at50557	0	21	138
35897at50557	0	74	517
122192at50557	0	12	116
111718at50557	0	23	230
74932at50557	0	34	269
40115at50557	0	62	375
115402at50557	0	20	161
111943at50557	0	17	137
75595at50557	0	81	313
57320at50557	0	44	332
13158at50557	0	124	566
65618at50557	0	49	323
64673at50557	0	48	348
2168at50557	0	171	864
28429at50557	0	80	382
146677at50557	0	10	99
21787at50557	0	112	478
102440at50557	0	20	187
111268at50557	0	16	156
84585at50557	0	79	413
76905at50557	0	25	220
80996at50557	0	32	234
109797at50557	0	27	211
4042at50557	0	183	652
118687at50557	0	16	157
124980at50557	0	15	147
28761at50557	0	137	509
19423at50557	0	132	498
131847at50557	0	26	170
57983at50557	0	65	310
25500at50557	0	129	468
147189at50557	0	11	113
14825at50557	0	123	414
109614at50557	0	19	163
43719at50557	0	73	325
78394at50557	0	33	273
129000at50557	0	44	219
90145at50557	0	24	169
130497at50557	0	33	212
130539at50557	0	10	95
72769at50557	0	59	325
127619at50557	0	19	147
107326at50557	0	22	186
86015at50557	0	28	177
144415at50557	0	10	103
9996at50557	0	167	809
42193at50557	0	61	388
98731at50557	0	29	181
90744at50557	0	33	250
99327at50557	0	20	154
133617at50557	0	43	235
113878at50557	0	20	165
65263at50557	0	38	235
134173at50557	0	25	174
87518at50557	0	23	152
28875at50557	0	76	459
70743at50557	0	47	319
35385at50557	0	95	485
155632at50557	0	13	102
47270at50557	0	56	327
96910at50557	0	66	243
80008at50557	0	99	445
100901at50557	0	41	153
63767at50557	0	21	186
18453at50557	0	90	478
74508at50557	0	33	211
26604at50557	0	170	707
28379at50557	0	78	490
140938at50557	0	11	106
60261at50557	0	29	291
51049at50557	0	50	316
63645at50557	0	32	271
99964at50557	0	83	341
96115at50557	0	33	244
6416at50557	0	199	956
41907at50557	0	69	369
73354at50557	0	48	277
41868at50557	0	25	246
49306at50557	0	63	427
87712at50557	0	50	295
136556at50557	0	12	87
126855at50557	0	11	110
77679at50557	0	48	296
11128at50557	0	154	639
42982at50557	0	60	360
60694at50557	0	133	493
10008at50557	0	228	827
41619at50557	0	79	404
40757at50557	0	63	420
49139at50557	0	82	554
60711at50557	0	48	220
90169at50557	0	22	217
93063at50557	0	17	166
14125at50557	0	75	497
116110at50557	0	23	143
25127at50557	0	158	684
139886at50557	0	26	139
134262at50557	0	14	90
121008at50557	0	17	141
94916at50557	0	29	229
105922at50557	0	39	236
70521at50557	0	58	247
47at50557	0	974	3248
39005at50557	0	102	413
58203at50557	0	53	319
10998at50557	0	32	260
21322at50557	0	54	258
142802at50557	0	9	91
90358at50557	0	49	251
135113at50557	0	49	204
120070at50557	0	22	138
66318at50557	0	35	194
97391at50557	0	19	193
70763at50557	0	43	238
128559at50557	0	40	196
80072at50557	0	50	303
57745at50557	0	49	246
109776at50557	0	21	205
118459at50557	0	27	215
137466at50557	0	13	125
121611at50557	0	50	271
101665at50557	0	30	183
99132at50557	0	44	252
76908at50557	0	48	234
128131at50557	0	14	113
69102at50557	0	23	161
120382at50557	0	15	151
117411at50557	0	37	191
12236at50557	0	144	700
109652at50557	0	37	225
55692at50557	0	54	327
104914at50557	0	18	157
76116at50557	0	25	253
70047at50557	0	38	352
107380at50557	0	17	150
81330at50557	0	56	342
149102at50557	0	13	92
73786at50557	0	81	370
128205at50557	0	13	103
132773at50557	0	12	113
13892at50557	0	189	629
57373at50557	0	43	362
89456at50557	0	41	217
94472at50557	0	32	192
66548at50557	0	42	253
115080at50557	0	23	121
23633at50557	0	53	315
7968at50557	0	162	671
131759at50557	0	20	120
106025at50557	0	21	184
48450at50557	0	83	390
117973at50557	0	55	225
80387at50557	0	27	156
32224at50557	0	83	393
102388at50557	0	19	178
117699at50557	0	28	159
35300at50557	0	43	425
95945at50557	0	33	260
95586at50557	0	20	183
47258at50557	0	108	512
86748at50557	0	56	278
87063at50557	0	36	298
125548at50557	0	15	132
96857at50557	0	46	241
57149at50557	0	47	214
142263at50557	0	10	103
2098at50557	0	182	827
96740at50557	0	48	285
106957at50557	0	38	246
96805at50557	0	29	160
29957at50557	0	70	510
70651at50557	0	26	263
108140at50557	0	42	260
104469at50557	0	15	150
74305at50557	0	28	220
48986at50557	0	73	327
138214at50557	0	9	93
111094at50557	0	29	193
93695at50557	0	25	252
547at50557	0	606	2020
28921at50557	0	120	628
32612at50557	0	70	418
11763at50557	0	176	775
38406at50557	0	86	426
54898at50557	0	40	315
4137at50557	0	401	1336
92202at50557	0	38	216
141201at50557	0	26	131
36552at50557	0	77	398
97065at50557	0	24	194
147143at50557	0	7	74
127707at50557	0	24	174
150385at50557	0	5	51
113529at50557	0	26	263
29534at50557	0	113	491
149245at50557	0	5	54
108271at50557	0	18	145
12821at50557	0	123	571
100854at50557	0	51	270
68493at50557	0	72	401
144720at50557	0	37	172
115237at50557	0	12	121
34685at50557	0	172	690
72133at50557	0	41	265
1621at50557	0	572	2080
17628at50557	0	84	438
141961at50557	0	18	116
91349at50557	0	32	239
108755at50557	0	28	143
101659at50557	0	48	332
57812at50557	0	62	298
36357at50557	0	65	352
68076at50557	0	36	268
38891at50557	0	72	372
91691at50557	0	25	174
83433at50557	0	20	163
128143at50557	0	13	118
110603at50557	0	28	155
23366at50557	0	117	507
8417at50557	0	177	786
58206at50557	0	75	311
46888at50557	0	116	387
121508at50557	0	18	132
124734at50557	0	64	292
111170at50557	0	45	237
97917at50557	0	25	254
66688at50557	0	50	288
107457at50557	0	66	373
121686at50557	0	12	116
134540at50557	0	7	67
59918at50557	0	45	271
95598at50557	0	24	177
106926at50557	0	19	174
151161at50557	0	6	61
84237at50557	0	30	235
138766at50557	0	12	118
133570at50557	0	22	156
41390at50557	0	31	158
30407at50557	0	107	406
41755at50557	0	64	343
104377at50557	0	34	259
76755at50557	0	50	242
63962at50557	0	61	360
115608at50557	0	19	163
108482at50557	0	34	200
109656at50557	0	43	237
29657at50557	0	45	219
61616at50557	0	23	151
148685at50557	0	12	105
117213at50557	0	18	135
41892at50557	0	71	563
11478at50557	0	241	802
102616at50557	0	22	175
43508at50557	0	87	427
60857at50557	0	30	185
30467at50557	0	122	559
45196at50557	0	90	356
118737at50557	0	20	172
109763at50557	0	32	176
100341at50557	0	49	252
102324at50557	0	20	201
19653at50557	0	75	513
22613at50557	0	171	744
18450at50557	0	120	697
101800at50557	0	35	275
111713at50557	0	31	170
33226at50557	0	35	347
90950at50557	0	55	268
106648at50557	0	54	257
111975at50557	0	17	169
109102at50557	0	34	192
65449at50557	0	69	427
120772at50557	0	16	159
66453at50557	0	60	328
131386at50557	0	28	125
83523at50557	0	68	457
44122at50557	0	35	348
75845at50557	0	31	222
147797at50557	0	10	101
14653at50557	0	186	778
122927at50557	0	22	141
79760at50557	0	37	243
92708at50557	0	17	119
78296at50557	0	28	203
34006at50557	0	72	407
147931at50557	0	7	71
37700at50557	0	116	441
47520at50557	0	37	227
35806at50557	0	60	328
123747at50557	0	34	167
96054at50557	0	26	163
143106at50557	0	9	93
153379at50557	0	6	59
75748at50557	0	25	142
143564at50557	0	20	105
87181at50557	0	26	219
146725at50557	0	16	112
148274at50557	0	21	112
89121at50557	0	51	289
13625at50557	0	151	680
38285at50557	0	70	369
86592at50557	0	53	284
78643at50557	0	38	263
17536at50557	0	137	537
107013at50557	0	25	142
45533at50557	0	59	336
92412at50557	0	68	365
90128at50557	0	42	215
44960at50557	0	41	338
109756at50557	0	9	86
85903at50557	0	51	307
107205at50557	0	23	169
102771at50557	0	49	265
52437at50557	0	61	319
90015at50557	0	26	232
117719at50557	0	25	164
13828at50557	0	120	500
76963at50557	0	87	387
50587at50557	0	72	363
116915at50557	0	28	248
105548at50557	0	25	186
75057at50557	0	34	281
123003at50557	0	17	170
102704at50557	0	36	204
59099at50557	0	48	312
78869at50557	0	41	213
22706at50557	0	130	543
122647at50557	0	23	156
73763at50557	0	49	236
103576at50557	0	32	188
83087at50557	0	52	233
16714at50557	0	114	431
65689at50557	0	167	556
142454at50557	0	11	110
76747at50557	0	46	242
138088at50557	0	17	126
101190at50557	0	23	190
2843at50557	0	242	947
49370at50557	0	97	425
26870at50557	0	78	426
99770at50557	0	52	263
89725at50557	0	27	186
94216at50557	0	78	407
25670at50557	0	126	489
104262at50557	0	31	164
93379at50557	0	48	225
15445at50557	0	144	683
29091at50557	0	102	485
96248at50557	0	42	239
114773at50557	0	19	142
54603at50557	0	47	471
49092at50557	0	83	381
128290at50557	0	13	133
109616at50557	0	31	168
74045at50557	0	47	295
33572at50557	0	78	455
73869at50557	0	43	271
60951at50557	0	31	293
39032at50557	0	59	339
8655at50557	0	254	997
72573at50557	0	67	263
28081at50557	0	57	422
105563at50557	0	26	174
98341at50557	0	33	196
15817at50557	0	184	697
80623at50557	0	100	403
123578at50557	0	16	149
45914at50557	0	101	435
136030at50557	0	28	164
51637at50557	0	60	390
129608at50557	0	8	80
118044at50557	0	20	136
102920at50557	0	45	289
121522at50557	0	22	163
86065at50557	0	56	304
23620at50557	0	71	486
83902at50557	0	28	204
83323at50557	0	63	259
93513at50557	0	32	215
82718at50557	0	59	305
56752at50557	0	47	347
149193at50557	0	8	78
125046at50557	0	25	109
68094at50557	0	46	258
49665at50557	0	94	411
50275at50557	0	93	330
31374at50557	0	95	531
107564at50557	0	27	195
27086at50557	0	112	557
125262at50557	0	38	238
48053at50557	0	68	394
95144at50557	0	28	278
111939at50557	0	27	149
41050at50557	0	83	362
8602at50557	0	130	640
131613at50557	0	31	174
102433at50557	0	42	196
139832at50557	0	14	99
107632at50557	0	63	360
113923at50557	0	16	164
107216at50557	0	24	147
66657at50557	0	52	404
14512at50557	0	106	429
152308at50557	0	7	68
85095at50557	0	39	131
114203at50557	0	61	237
136014at50557	0	16	155
69725at50557	0	55	279
85318at50557	0	50	232
47489at50557	0	91	322
99401at50557	0	12	102
45935at50557	0	97	414
45204at50557	0	39	267
28678at50557	0	112	465
94422at50557	0	24	197
132295at50557	0	23	118
73053at50557	0	79	300
14380at50557	0	81	375
100579at50557	0	23	214
125117at50557	0	26	155
18668at50557	0	69	395
98955at50557	0	26	234
80653at50557	0	46	242
40442at50557	0	87	352
137402at50557	0	16	127
128856at50557	0	24	136
47233at50557	0	53	363
15573at50557	0	70	297
81367at50557	0	65	315
149477at50557	0	24	94
118728at50557	0	14	142
98549at50557	0	61	315
126015at50557	0	17	139
128404at50557	0	17	126
109593at50557	0	35	161
86655at50557	0	39	249
13223at50557	0	130	599
133820at50557	0	9	91
120971at50557	0	19	114
8280at50557	0	238	1031
90549at50557	0	39	197
